var vertices = []float32{
	//  X, Y, Z
	// Bottom
	-0.5, -0.5, -0.5,
	 0.5, -0.5, -0.5,
	 -0.5, -0.5, 0.5,
	 0.5, -0.5, -0.5,
	  0.5, -0.5, 0.5,
	 -0.5, -0.5, 0.5,

	// Top
	 -0.5, 0.5, -0.5,
	  -0.5, 0.5, 0.5,
	  0.5, 0.5, -0.5,
	  0.5, 0.5, -0.5,
	  -0.5, 0.5, 0.5,
	   0.5, 0.5, 0.5,

	// Front
	 -0.5, -0.5, 0.5,
	  0.5, -0.5, 0.5,
	  -0.5, 0.5, 0.5,
	  0.5, -0.5, 0.5,
	   0.5, 0.5, 0.5,
	  -0.5, 0.5, 0.5,

	// Back
	-0.5, -0.5, -0.5,
	 -0.5, 0.5, -0.5,
	 0.5, -0.5, -0.5,
	 0.5, -0.5, -0.5,
	 -0.5, 0.5, -0.5,
	  0.5, 0.5, -0.5,

	// Left
	 -0.5, -0.5, 0.5,
	 -0.5, 0.5, -0.5,
	-0.5, -0.5, -0.5,
	 -0.5, -0.5, 0.5,
	  -0.5, 0.5, 0.5,
	 -0.5, 0.5, -0.5,

	// Right
	  0.5, -0.5, 0.5,
	 0.5, -0.5, -0.5,
	  0.5, 0.5, -0.5,
	  0.5, -0.5, 0.5,
	  0.5, 0.5, -0.5,
	   0.5, 0.5, 0.5,
}